4001504012083
4001504013080
5900221000849
5900221001754
5900221001778
5900221003017
5900221003192
5900221003888
5900221004571
5900511009880
5901738561960
5901738562134
5901738563117
5901738563667
5901738563834
5901738564640
5901738565012
5901838003162
5902020445524
5902410006458
5902410007592
5902768471588
5902983490401
5902983491262
5902983491927
5902983492283
5902983492290
5902983492443
5902983492504
5902983492764
5902983493020
5902983493129
5902983493198
5902983493211
5902983493228
5902983493259
5902983493372
5902983493617
5902983493693
5902983493761
5902983494010
5902983494089
5902983494096
5902983494119
5902983494164
5903707560158
5903707560165
5903707560394
5903707560578
5903707560707
5903728730011
5903728730660
5903728730707
5903728730752
5903728730769
5903728730776
5903728730783
5903728730820
5903728730844
5903728730929
5903728730936
5903728730943
5903728730950
5903728730974
5903728730998
5903728731001
5903728731018
5903728731032
5903728731049
5903728731056
5903728731063
5903728731094
5903728731131
5903728731155
5903728731193
5903728731209
5903728731292
5903728731414
 5903728731476
5903728731483
5903728731490
5903728731506
5903728731513
5903728731520
5903728731537
5903728750101
5903728750118
5903728750125
5903728750132
5903728750156
5903728750170
5903728750187
5903728750194
5903728750200
5903728750231
5903728750262
5905669520003
5905669520027
5905669520034
5905669520041
5905669520065
5905669520072
5905669520096
5905669520102
5905669520119
5905669520133
5905669520140
5905723440292
5906018002409
5906018004113
5906018005974
5906018015232
5906018020991
5906018022391
5906018026573
5906018029413
5906395350148
5906395350421
5907518337367
5907758708606
5908215002015
5908215002169
5908215002596
5908215003906
5908215006716
5908215008840
5908215009236
5908215009588
5908215009656
5908215010133
798190005805
8005125173150
8005125178780
8005125179756
8005125181278
8005125182107
8005125182114
8005125182169
8005125182183
8005125188314
8005125325764
8005125370443
8005125503964
8005125503988
8005125507559
8431618008225
8431618008249
8431618013410
8431618018569
8431618021675
8431618023174
8431618023983
8431618024089
8431618026663
8431618030332
8431618030356
8431618030394
8431618030417
8431618030837
8431618035801
8431618035825
8431618035832
8431618035849
8431618036020
8431618036044
8431618036105
8431618036112
8431618036129
8431618036747
8431618039809
8431618039847
8431618040164
8431618040188
8431618040201
8431618040843
8431618040867
8431618041185
8431618041208
8431618041222
8431618041246
8431618044490
8431618044513
8431618045206
8431618045220
8431618045268
9001890116711
9001890168918
9001890217647
9001890236426
9001890239236
9001890243240
9001890669491
9001890717291
9001890787898
9001890798993